image: level2-hector.pgm
resolution: 0.030000
origin: [-120.014992, -120.014992, 0.000000]
negate: 0
occupied_thresh: 0.65
free_thresh: 0.196

