image: pow_hector_map_new.pgm
resolution: 0.025000
origin: [-35.012497, -35.012497, 0.000000]
negate: 0
occupied_thresh: 0.65
free_thresh: 0.196

